2021122318.json
{"header": {"discipline":0,"disciplineName":"Meteorological products","gribEdition":2,"gribLength":79049,"center":7,"centerName":"US National Weather Service - NCEP(WMC)","subcenter":0,"refTime":"2021-12-23T18:00:00.000Z","significanceOfRT":1,"significanceOfRTName":"Start of forecast","productStatus":0,"productStatusName":"Operational products","productType":1,"productTypeName":"Forecast products","productDefinitionTemplate":0,"productDefinitionTemplateName":"Analysis/forecast at horizontal level/layer at a point in time","parameterCategory":2,"parameterCategoryName":"Momentum","parameterNumber":3,"parameterNumberName":"V-component_of_wind","parameterUnit":"m.s-1","genProcessType":2,"genProcessTypeName":"Forecast","forecastTime":0,"surface1Type":103,"surface1TypeName":"Specified height level above ground","surface1Value":10.0,"surface2Type":255,"surface2TypeName":"Missing","surface2Value":0.0,"gridDefinitionTemplate":0,"gridDefinitionTemplateName":"Latitude_Longitude","numberPoints":65160,"shape":6,"shapeName":"Earth spherical with radius of 6,371,229.0 m","gridUnits":"degrees","resolution":48,"winds":"true","scanMode":0,"nx":360,"ny":181,"basicAngle":0,"lo1":0.0,"la1":90.0,"lo2":359.0,"la2":-90.0,"dx":1.0,"dy":1.0}, "data":
[rows 52 to 77 of 181, columns 116 to 173 of 360]
-3.146809,-4.146809,-6.9468093,-10.136809,-13.996809,-13.856809,-13.536809,-14.706809,-13.256809,-8.526809,-2.966809,-0.61680907,0.5831909,-0.016809082,-2.456809,-3.286809,0.19319092,1.3131909,-1.0068091,-4.766809,-6.086809,-5.586809,-2.0968091,-0.6068091,-0.006809082,-1.1768091,-0.14680909,-2.0668092,-4.126809,-4.276809,-5.996809,-3.746809,-8.126809,-6.566809,-8.026809,-8.446809,-8.786809,-8.136809,-6.726809,-6.066809,-6.576809,-3.686809,-3.536809,-4.796809,-6.076809,-8.9768095,-10.026809,-11.096809,-12.026809,-13.656809,-14.556809,-16.95681,-5.116809,11.653191,10.553191,7.883191,5.213191,2.723191
-4.266809,-4.756809,-5.066809,-7.996809,-7.136809,-7.9468093,-9.616809,-13.856809,-10.9768095,1.4731909,0.80319095,0.7831909,0.18319091,-0.30680907,0.5831909,-0.45680907,-1.1368091,-1.5368091,-0.7068091,-2.3368092,-4.366809,1.9631909,1.1331909,2.053191,-0.8468091,-0.99680907,5.503191,2.613191,-1.4068091,-3.146809,-6.246809,-4.936809,-5.7168093,-8.146809,-8.456809,-8.876809,-8.166809,-9.18681,-8.566809,-7.4468093,-7.386809,-6.046809,-7.496809,-6.336809,-7.046809,-7.896809,-10.276809,-12.286809,-13.456809,-15.566809,-17.136808,-12.286809,4.5131907,11.823191,10.833191,8.823191,6.643191,5.0731907
-7.666809,-4.836809,-5.996809,-7.976809,-7.286809,-10.956809,-11.956809,-1.0268091,0.63319093,-0.41680908,-1.2668091,-1.2668091,-0.18680908,-0.9268091,-1.6468091,-0.13680908,-0.026809081,-0.38680908,-0.99680907,-2.5768092,1.8931909,0.8331909,2.1431909,0.4931909,-1.6568091,8.293191,6.383191,5.773191,1.6031909,-2.966809,-4.036809,-6.726809,-6.406809,-8.146809,-9.026809,-7.206809,-9.836809,-8.706809,-9.036809,-8.246809,-8.086809,-7.256809,-8.846809,-9.516809,-7.9468093,-7.506809,-10.746809,-11.776809,-13.866809,-16.59681,-15.796809,-13.466809,-9.286809,12.943191,11.7731905,10.103191,8.0231905,5.863191
-5.476809,-3.3268092,-6.396809,-5.496809,-11.066809,-3.246809,-2.226809,-1.5468091,-1.6068091,-2.386809,-2.706809,-0.24680908,-3.0468092,-3.466809,0.26319093,-1.2568091,1.7231909,-0.20680909,-0.7268091,-0.8368091,1.1931909,-1.706809,-1.8968091,1.9631909,1.3531909,8.083191,6.253191,4.423191,0.74319094,-2.256809,-4.616809,-6.4268093,-6.456809,-8.316809,-8.2268095,-9.93681,-9.856809,-9.346809,-9.556809,-8.506809,-8.506809,-8.376809,-9.496809,-10.376809,-9.416809,-9.036809,-9.806809,-11.446809,-14.366809,-14.93681,-10.776809,-6.086809,-9.236809,14.343191,12.833191,11.943191,8.753191,7.0131907
-5.576809,-3.426809,-4.246809,-3.426809,-2.6168091,-2.266809,-0.6668091,-0.81680906,-1.2368091,-1.566809,-1.0468091,-0.61680907,-2.016809,-1.6668091,-0.44680908,-0.26680908,-1.6268091,1.1431909,1.9631909,0.63319093,-1.7768091,0.2831909,-2.3468091,2.1731908,2.4131908,6.633191,4.583191,1.413191,-0.30680907,-1.9868091,-4.746809,-7.366809,-7.106809,-8.746809,-9.206809,-9.736809,-11.446809,-9.836809,-8.456809,-9.006809,-8.856809,-9.496809,-10.406809,-9.176809,-9.846809,-10.696809,-10.596809,-12.736809,-10.786809,-10.316809,-8.846809,-8.586809,0.27319092,1.533191,13.753191,12.473191,9.893191,7.0131907
-5.4868093,-3.986809,-2.166809,-2.5568092,-1.946809,-2.766809,-2.496809,-0.42680907,-1.716809,0.4731909,1.0931909,-0.16680908,-0.7768091,0.053190917,0.063190915,0.68319094,-0.15680908,-1.1568091,1.153191,-0.9068091,1.7531909,-0.20680909,1.0831909,0.48319092,0.41319093,1.8931909,3.1931908,0.003190918,-3.186809,-3.5668092,-5.326809,-5.9868093,-7.146809,-8.336809,-8.746809,-10.866809,-10.896809,-11.006809,-10.406809,-10.086809,-9.756809,-10.316809,-10.406809,-9.626809,-10.026809,-12.386809,-11.696809,-10.216809,-10.986809,-9.806809,-9.146809,-8.4768095,-8.026809,6.453191,14.103191,11.703191,10.123191,8.193191
-2.5468092,-2.986809,-1.956809,-1.4968091,-1.3568091,-0.8868091,-1.9868091,0.68319094,0.88319093,0.7131909,1.6431909,1.3531909,1.153191,1.8231909,0.2531909,-0.68680906,-2.6268091,2.103191,4.473191,2.213191,-0.3168091,-1.1168091,-1.2668091,-2.036809,-2.0768092,3.963191,0.21319091,-3.1268091,-2.646809,-3.946809,-4.7368093,-6.606809,-7.556809,-8.956809,-8.606809,-8.766809,-10.826809,-10.466809,-10.656809,-8.586809,-10.076809,-11.286809,-11.086809,-11.836809,-10.466809,-10.256809,-10.086809,-9.586809,-10.666809,-8.886809,-9.896809,-9.716809,-4.746809,12.693191,14.463191,12.123191,10.113191,7.5331907
-2.146809,-1.9968091,-0.7968091,0.99319094,0.33319092,0.35319093,1.1931909,2.583191,2.073191,-0.3168091,-0.5868091,0.8531909,3.363191,1.8231909,-0.4968091,-2.5468092,3.283191,2.3731909,2.3931909,2.4431908,0.94319093,-1.1468091,-2.0968091,-1.2868091,0.8231909,0.50319093,-1.976809,-2.906809,-3.3368092,-5.356809,-5.9268093,-5.956809,-8.166809,-9.796809,-8.43681,-9.146809,-9.746809,-11.366809,-10.086809,-10.7268095,-10.746809,-10.786809,-10.376809,-10.796809,-9.93681,-10.146809,-10.406809,-9.796809,-9.786809,-10.286809,-9.816809,-10.136809,1.7531909,11.133191,13.723191,12.433191,9.383191,7.623191
-1.3568091,0.023190917,-0.7068091,0.013190918,0.35319093,1.3531909,2.053191,1.6131909,0.62319094,-1.0368091,-1.0068091,2.343191,2.563191,1.9531909,2.103191,1.9831909,2.9131908,4.363191,3.1931908,1.8531909,-0.06680908,-1.0268091,-1.956809,-1.226809,1.273191,-1.566809,-2.036809,-3.726809,-4.186809,-6.076809,-6.746809,-8.446809,-7.836809,-8.68681,-9.736809,-9.456809,-10.846809,-10.236809,-11.426809,-11.826809,-12.7268095,-12.68681,-11.496809,-10.846809,-10.596809,-10.846809,-9.606809,-10.076809,-10.696809,-10.68681,-10.326809,-8.616809,7.613191,13.003191,13.973191,11.303191,9.693191,7.613191
-1.476809,-1.1768091,-0.5168091,-0.07680908,0.2531909,0.3131909,-0.8968091,0.38319093,-1.5568091,-2.646809,0.56319094,1.0031909,-0.94680905,0.5831909,2.7031908,2.023191,2.6831908,4.8231907,4.813191,3.113191,0.3431909,-0.7368091,-1.6268091,-1.4068091,-0.80680907,-0.4668091,-2.286809,-3.156809,-3.686809,-3.766809,-4.496809,-5.4868093,-7.066809,-8.106809,-8.966809,-10.456809,-11.106809,-11.566809,-11.756809,-12.126809,-11.196809,-11.536809,-11.346809,-11.066809,-11.126809,-11.926809,-12.176809,-11.756809,-11.776809,-11.956809,-10.326809,-4.576809,8.743191,12.033191,12.613191,11.06319,9.183191,7.733191
-0.4368091,-0.13680908,0.6131909,0.033190917,0.16319092,-2.0968091,-3.456809,-0.69680905,-2.5668092,-1.826809,1.3231909,-0.9568091,0.8431909,2.4431908,4.5731907,4.983191,3.7031908,3.2031908,3.803191,3.6931908,1.933191,-0.99680907,-2.0768092,-2.8568091,-3.0468092,-2.006809,-2.8268092,-2.656809,-2.256809,-2.646809,-3.136809,-4.256809,-5.526809,-7.776809,-8.786809,-9.266809,-9.796809,-10.366809,-10.426809,-10.966809,-11.7268095,-12.326809,-12.016809,-12.526809,-13.296809,-12.596809,-12.996809,-12.856809,-13.086809,-11.596809,-8.816809,1.5031909,7.983191,8.603191,11.0231905,10.2731905,9.263191,7.463191
-0.6768091,0.023190917,0.08319092,0.013190918,-1.0068091,-8.4768095,-1.836809,-0.22680908,-0.9268091,0.6031909,-0.18680908,-1.1068091,2.763191,6.643191,5.2631907,5.293191,4.773191,4.933191,3.313191,3.4131908,2.593191,1.3431909,-1.326809,-2.696809,-3.166809,-3.486809,-3.496809,-3.1168091,-3.526809,-4.016809,-3.136809,-5.686809,-6.296809,-8.016809,-9.016809,-9.446809,-9.856809,-10.546809,-11.066809,-11.166809,-11.636809,-12.046809,-13.086809,-13.386809,-12.996809,-12.4768095,-13.026809,-12.456809,-11.336809,-9.496809,-8.196809,6.913191,5.443191,8.003191,9.873191,8.693191,7.093191,6.973191
-0.2768091,0.30319092,-0.24680908,-0.5468091,-6.526809,-8.366809,1.7631909,0.9831909,-1.226809,-0.9768091,-2.466809,-0.6568091,1.9531909,5.5531907,5.733191,6.753191,8.183191,6.623191,5.473191,3.743191,2.993191,1.423191,0.10319092,-1.7968091,-2.766809,-3.1168091,-3.5968091,-4.146809,-3.8568091,-4.276809,-5.7168093,-6.016809,-7.2368093,-8.146809,-8.526809,-9.016809,-9.446809,-10.066809,-10.426809,-10.996809,-11.236809,-12.266809,-11.766809,-10.636809,-11.516809,-11.806809,-10.516809,-9.786809,-9.086809,-8.536809,-8.216809,5.893191,6.503191,6.403191,8.783191,7.953191,7.163191,5.793191
0.22319092,0.033190917,-0.62680906,-2.6168091,-9.316809,-2.436809,4.443191,0.7031909,-1.5568091,-2.496809,-3.8768091,-0.4068091,2.1631908,9.06319,10.433191,10.093191,8.353191,7.453191,5.713191,4.623191,2.743191,1.4631909,-0.086809084,-1.4068091,-2.446809,-3.236809,-4.056809,-5.076809,-5.556809,-5.9468093,-6.9268093,-5.586809,-6.746809,-7.856809,-7.896809,-8.896809,-9.746809,-10.056809,-10.326809,-11.066809,-11.636809,-11.656809,-10.876809,-11.116809,-10.076809,-9.836809,-9.816809,-9.316809,-8.846809,-7.4468093,-2.786809,6.543191,6.313191,5.643191,6.903191,6.883191,5.443191,5.343191
0.48319092,-0.26680908,-3.6168091,-6.336809,-7.406809,0.033190917,3.1831908,1.2131909,-1.2568091,-2.636809,-4.616809,-0.07680908,5.633191,11.003191,10.383191,9.003191,7.8231907,7.003191,6.503191,4.2831907,3.1431909,1.6431909,-0.7968091,-2.466809,-3.006809,-3.956809,-4.416809,-4.7368093,-5.706809,-6.226809,-7.276809,-6.936809,-7.366809,-7.6968093,-8.586809,-7.746809,-9.836809,-8.596809,-9.196809,-9.886809,-10.286809,-10.346809,-10.986809,-10.316809,-10.586809,-9.376809,-10.246809,-10.316809,-9.016809,-4.6768093,4.443191,5.613191,3.1431909,2.983191,5.5131907,7.043191,5.923191,5.653191
-0.80680907,-3.286809,-5.506809,-5.976809,-6.016809,-0.30680907,0.48319092,-0.80680907,-3.496809,-4.766809,-3.246809,1.543191,4.843191,8.31319,7.933191,7.473191,6.103191,5.113191,5.7831907,3.6531909,1.0031909,0.35319093,-0.74680907,-1.7868091,-3.036809,-3.7968092,-5.2168093,-5.956809,-6.686809,-7.056809,-7.356809,-7.766809,-7.936809,-8.18681,-8.916809,-9.056809,-9.93681,-10.136809,-10.766809,-10.166809,-10.646809,-11.68681,-10.766809,-9.206809,-9.846809,-10.736809,-10.576809,-10.196809,-4.566809,3.4331908,3.303191,2.073191,-0.006809082,-0.26680908,0.9831909,4.083191,3.853191,4.0131907
-3.5768092,-3.6168091,-4.936809,-4.266809,-0.42680907,-4.436809,-1.4368091,-1.8668091,-3.486809,-4.436809,-4.206809,4.503191,7.313191,6.403191,5.8031907,6.083191,5.0131907,3.4231908,2.743191,2.853191,1.183191,-0.8868091,-2.0668092,-3.196809,-1.836809,-3.006809,-4.9468093,-5.126809,-6.996809,-7.106809,-7.356809,-8.296809,-8.886809,-9.116809,-9.136809,-9.576809,-10.386809,-10.68681,-10.046809,-10.316809,-11.046809,-10.156809,-8.886809,-8.846809,-10.336809,-10.736809,-9.866809,-6.356809,1.3931909,1.053191,0.87319094,0.2531909,-0.9768091,-1.726809,-1.0568091,-0.5868091,1.7631909,4.503191
-2.656809,-4.416809,-4.416809,-2.936809,-2.266809,-2.176809,-2.426809,-3.456809,-4.636809,-4.816809,-2.5468092,3.593191,7.2831907,5.683191,4.753191,3.283191,2.753191,1.7331909,1.2031909,0.93319094,0.2531909,-1.1368091,-2.466809,-2.8568091,-3.136809,-3.8668091,-4.546809,-5.786809,-6.896809,-6.726809,-6.626809,-8.026809,-8.676809,-8.986809,-9.006809,-9.826809,-10.506809,-11.786809,-10.486809,-10.446809,-10.026809,-8.796809,-9.996809,-9.646809,-10.026809,-8.576809,-5.606809,-0.50680906,-0.7368091,0.063190915,-1.0168091,-1.316809,-2.0468092,-1.466809,-1.836809,-2.786809,1.5131909,7.083191
-4.116809,-5.046809,-4.226809,-4.356809,-3.396809,-1.976809,-3.216809,-3.6168091,-3.746809,-2.426809,-0.12680908,4.343191,4.273191,3.333191,3.1331909,2.573191,1.183191,0.81319094,-0.18680908,-1.8068091,-1.716809,-1.0268091,-2.776809,-1.5168091,-2.0868092,-4.266809,-4.996809,-5.646809,-6.276809,-7.036809,-7.416809,-8.406809,-9.086809,-9.456809,-9.996809,-10.056809,-10.896809,-11.466809,-10.886809,-10.396809,-9.666809,-9.4768095,-10.276809,-8.676809,-7.836809,-6.686809,-1.196809,-2.006809,-2.136809,-2.456809,-2.5468092,-2.166809,-2.736809,-2.5668092,-2.726809,-1.3668091,2.1431909,7.503191
-4.886809,-4.376809,-3.206809,-3.8068092,-3.6068091,-2.3368092,-2.0768092,-2.656809,-3.006809,-1.726809,2.1631908,2.103191,2.033191,2.273191,1.5831909,1.523191,1.3631909,-0.6468091,-1.206809,-2.5668092,-2.726809,-2.906809,-2.026809,-2.406809,-3.3168092,-4.686809,-4.516809,-5.776809,-6.206809,-7.316809,-7.916809,-7.436809,-9.256809,-9.086809,-9.816809,-10.126809,-10.636809,-11.046809,-9.866809,-9.166809,-9.666809,-8.216809,-8.606809,-8.176809,-8.216809,-3.8068092,-3.406809,-4.1968093,-4.516809,-3.5768092,-2.766809,-3.476809,-3.676809,-2.396809,-1.5068091,0.94319093,3.6531909,7.313191
-4.936809,-4.796809,-3.776809,-5.6768093,-3.896809,-0.04680908,0.13319091,-3.3568091,-0.6568091,1.3831909,1.023191,1.0631909,1.163191,0.36319092,-0.18680908,0.15319091,-2.466809,-2.186809,-1.8768091,-1.476809,-1.3668091,-3.496809,-5.646809,-6.276809,-6.056809,-6.056809,-6.026809,-6.4668093,-5.776809,-6.076809,-6.9268093,-6.886809,-7.846809,-7.666809,-8.616809,-9.446809,-8.656809,-9.236809,-8.93681,-8.856809,-8.656809,-8.4768095,-8.556809,-8.556809,-6.066809,-4.7168093,-4.816809,-4.766809,-4.586809,-3.8768091,-3.656809,-2.766809,-2.246809,-1.2468091,3.1931908,3.2031908,5.3031907,6.2831907
-5.496809,-5.376809,-5.456809,-7.106809,-1.706809,0.35319093,0.56319094,0.44319093,1.5131909,1.3731909,0.16319092,-0.9168091,-1.206809,-1.4068091,-0.39680907,-1.716809,-2.8068092,-1.9268091,-1.446809,-1.336809,-2.1268091,-4.636809,-5.786809,-6.936809,-7.286809,-7.526809,-7.166809,-6.6768093,-7.336809,-6.916809,-7.2368093,-7.356809,-7.806809,-8.106809,-8.466809,-8.496809,-8.366809,-8.636809,-8.866809,-9.006809,-8.866809,-9.236809,-7.916809,-6.7368093,-5.746809,-5.476809,-5.336809,-4.876809,-4.306809,-3.5768092,-2.8068092,-1.5268091,2.6331909,2.833191,2.293191,5.473191,6.0331907,6.0331907
-5.1768093,-6.416809,-6.086809,-6.156809,-0.3168091,-1.596809,-2.5468092,-0.23680907,0.8431909,0.13319091,-1.196809,-1.696809,-3.246809,-2.146809,-1.476809,-2.5468092,-2.3168092,-2.6068091,-3.0668092,-2.666809,-4.246809,-4.916809,-4.916809,-6.016809,-5.126809,-4.9868093,-6.366809,-7.596809,-7.856809,-8.616809,-7.666809,-8.246809,-8.556809,-8.466809,-8.196809,-9.236809,-9.216809,-10.206809,-9.506809,-10.376809,-9.18681,-8.306809,-7.206809,-6.146809,-5.136809,-4.906809,-4.316809,-4.596809,-4.526809,-4.086809,2.303191,1.8431909,1.9631909,3.6831908,6.403191,6.903191,4.863191,4.463191
-5.306809,-5.846809,-5.536809,-4.756809,0.68319094,-1.066809,-1.6568091,0.2831909,0.21319091,-1.3868091,-2.696809,-4.326809,-2.3668091,-2.5668092,-3.226809,-3.656809,-3.3268092,-4.896809,-3.906809,-4.6968093,-2.136809,-2.8268092,-3.896809,-4.106809,-4.246809,-3.6168091,-4.266809,-5.526809,-6.936809,-7.396809,-7.906809,-7.9868093,-8.886809,-9.456809,-10.18681,-10.666809,-11.076809,-11.016809,-9.956809,-9.246809,-8.106809,-6.856809,-6.2368093,-5.856809,-6.126809,-6.536809,-5.146809,-4.346809,-6.586809,3.3831909,1.9631909,0.6631909,2.593191,5.5331907,5.593191,4.8031907,4.5731907,4.753191
-5.286809,-6.136809,-4.726809,-2.946809,-1.5168091,-0.38680908,-0.68680906,-0.4968091,-1.086809,-2.776809,-3.006809,-4.206809,-1.5268091,-2.1068091,-2.436809,-3.8168092,-4.2368093,-3.786809,-3.926809,-3.986809,-4.526809,-4.396809,-4.336809,-4.9468093,-5.646809,-3.8668091,-3.686809,-3.7968092,-4.006809,-1.7368091,-2.516809,-5.186809,-6.856809,-9.346809,-9.596809,-9.166809,-8.776809,-7.336809,-5.906809,-5.516809,-7.4268093,-7.086809,-0.5868091,-4.186809,-6.596809,0.8231909,0.8431909,1.1431909,1.1331909,1.8931909,-0.15680908,-1.726809,4.163191,5.393191,5.103191,4.133191,3.563191,3.773191
-5.6968093,-5.546809,-2.176809,-5.9668093,0.7231909,-0.8568091,-4.226809,-0.62680906,-2.006809,-3.386809,-2.426809,-3.5668092,-2.676809,-3.1068091,-3.406809,-4.076809,-4.806809,-5.456809,-5.886809,-4.816809,-4.516809,-4.4668093,-5.246809,-4.586809,-5.6768093,-4.406809,-3.756809,-4.306809,-3.426809,-3.6068091,-3.666809,-4.4268093,-5.406809,-6.856809,-6.356809,-5.766809,-3.8068092,-2.166809,-2.476809,-3.276809,-2.136809,-0.9768091,1.783191,1.6931909,1.7531909,2.4431908,0.24319091,0.27319092,0.93319094,-0.116809085,-2.006809,0.80319095,2.9431908,3.833191,3.793191,3.353191,3.063191,2.4331908
