2021122318.json
{"header": {"discipline":0,"disciplineName":"Meteorological products","gribEdition":2,"gribLength":78718,"center":7,"centerName":"US National Weather Service - NCEP(WMC)","subcenter":0,"refTime":"2021-12-23T18:00:00.000Z","significanceOfRT":1,"significanceOfRTName":"Start of forecast","productStatus":0,"productStatusName":"Operational products","productType":1,"productTypeName":"Forecast products","productDefinitionTemplate":0,"productDefinitionTemplateName":"Analysis/forecast at horizontal level/layer at a point in time","parameterCategory":2,"parameterCategoryName":"Momentum","parameterNumber":2,"parameterNumberName":"U-component_of_wind","parameterUnit":"m.s-1","genProcessType":2,"genProcessTypeName":"Forecast","forecastTime":0,"surface1Type":103,"surface1TypeName":"Specified height level above ground","surface1Value":10.0,"surface2Type":255,"surface2TypeName":"Missing","surface2Value":0.0,"gridDefinitionTemplate":0,"gridDefinitionTemplateName":"Latitude_Longitude","numberPoints":65160,"shape":6,"shapeName":"Earth spherical with radius of 6,371,229.0 m","gridUnits":"degrees","resolution":48,"winds":"true","scanMode":0,"nx":360,"ny":181,"basicAngle":0,"lo1":0.0,"la1":90.0,"lo2":359.0,"la2":-90.0,"dx":1.0,"dy":1.0}, "data":
[rows 130 to 155 of 181, columns 236 to 294 of 360]
4.014585,4.524585,5.114585,5.074585,4.574585,4.364585,4.424585,4.104585,3.864585,3.244585,2.104585,1.674585,2.104585,2.834585,3.644585,4.284585,4.784585,5.284585,4.374585,2.144585,1.654585,1.934585,3.814585,4.734585,3.854585,4.5445848,4.704585,6.074585,5.894585,5.404585,5.384585,5.054585,4.764585,5.074585,5.594585,5.434585,4.944585,5.144585,5.144585,4.754585,4.474585,4.204585,2.764585,2.374585,2.824585,3.044585,3.474585,4.004585,3.824585,3.334585,4.404585,1.204585,3.484585,10.824585,6.504585,3.774585,1.1145849,1.774585,3.494585
6.284585,5.934585,6.004585,6.174585,5.834585,6.184585,5.774585,5.954585,6.324585,6.024585,5.274585,5.134585,4.844585,5.224585,5.754585,5.684585,5.734585,5.614585,5.594585,3.974585,3.834585,3.804585,4.164585,4.914585,5.424585,4.474585,4.994585,5.304585,6.494585,6.214585,6.124585,5.334585,5.384585,5.474585,6.464585,6.3145847,6.374585,6.154585,5.714585,5.684585,5.5645847,4.984585,4.374585,3.6645849,3.364585,3.214585,4.014585,4.174585,4.394585,3.794585,2.754585,-0.39541504,3.564585,11.684585,11.214585,10.624585,5.424585,3.974585,5.104585
4.274585,4.704585,5.264585,5.474585,6.584585,7.154585,7.124585,7.774585,7.474585,7.194585,7.024585,7.694585,6.924585,7.134585,7.524585,6.894585,6.684585,7.604585,6.104585,6.194585,6.194585,5.934585,5.414585,5.484585,6.024585,5.8145847,5.774585,5.574585,6.464585,7.384585,6.764585,6.494585,6.184585,6.224585,6.624585,7.004585,7.304585,7.254585,6.444585,6.054585,5.944585,5.934585,5.264585,5.364585,5.0445848,4.474585,3.964585,4.384585,4.244585,3.994585,5.444585,-1.305415,3.234585,7.724585,12.074585,10.444585,9.594585,5.494585,4.524585
5.574585,5.3145847,5.024585,5.854585,6.184585,7.404585,7.904585,8.634585,8.774585,8.464585,8.604585,8.534585,8.404585,7.604585,9.204585,7.384585,6.8145847,6.614585,6.744585,7.074585,6.434585,7.684585,6.8145847,6.714585,6.854585,6.664585,6.354585,6.394585,6.704585,7.534585,7.174585,7.234585,7.174585,6.674585,6.784585,6.284585,7.074585,7.034585,6.694585,7.0645847,6.384585,6.224585,5.834585,5.704585,5.024585,5.144585,4.904585,4.484585,4.554585,4.614585,3.764585,1.184585,3.714585,8.644585,11.904585,9.194585,9.824585,6.474585,3.544585
5.7945848,5.874585,6.084585,6.824585,6.354585,7.214585,8.004585,8.944585,9.284585,9.914585,9.884585,9.574585,9.694585,9.944585,9.354585,8.904585,8.704585,7.264585,7.034585,6.394585,5.974585,5.164585,7.364585,6.104585,6.3145847,6.994585,6.824585,6.924585,6.0445848,6.734585,7.344585,6.834585,7.574585,8.014585,7.444585,7.434585,5.374585,6.634585,7.104585,7.374585,7.344585,6.414585,6.124585,5.864585,6.014585,5.354585,5.304585,5.014585,5.024585,5.034585,10.124585,1.434585,4.444585,10.954585,11.954585,8.484585,11.674585,8.334585,5.834585
6.584585,6.534585,6.554585,7.144585,7.604585,8.004585,8.654585,8.734585,9.044585,10.194585,10.254585,10.644585,10.354585,10.444585,10.244585,9.894585,9.354585,9.504585,8.574585,7.594585,7.0445848,6.604585,6.724585,6.554585,5.954585,6.2945848,7.014585,7.284585,6.764585,6.024585,5.824585,7.714585,8.234585,7.774585,8.454585,4.984585,5.474585,6.904585,7.594585,7.734585,7.864585,7.464585,6.074585,6.364585,6.464585,6.364585,5.054585,5.504585,5.584585,6.284585,3.494585,2.734585,5.234585,11.604585,11.834585,8.604585,5.594585,1.894585,3.654585
7.954585,7.214585,8.674585,8.264585,8.264585,8.864585,9.964585,9.274585,9.584585,9.654585,10.904585,10.854585,11.024585,10.814585,10.434585,10.374585,10.094585,9.604585,9.454585,8.684585,8.064585,6.5445848,6.084585,6.144585,5.604585,4.874585,5.274585,7.514585,7.234585,6.474585,6.094585,5.5645847,5.074585,3.9145849,3.9445848,5.184585,5.444585,6.024585,6.744585,6.554585,6.874585,7.5445848,6.8145847,7.374585,7.224585,6.324585,5.254585,5.474585,5.464585,3.494585,-0.80541503,2.824585,5.634585,11.694585,4.094585,6.224585,3.814585,-3.715415,2.314585
8.894585,9.414585,10.364585,10.624585,10.834585,9.934585,9.974585,10.344585,10.194585,9.194585,9.834585,10.254585,11.064585,11.914585,10.944585,10.484585,10.0545845,9.624585,9.534585,9.794585,9.594585,8.524585,7.0445848,6.224585,6.264585,6.304585,6.504585,6.584585,7.0445848,6.864585,6.444585,5.974585,6.004585,5.754585,5.524585,6.224585,6.114585,6.124585,6.274585,6.364585,6.174585,6.434585,6.724585,6.684585,6.914585,6.354585,5.624585,5.394585,4.844585,4.914585,1.1245849,4.204585,6.8145847,3.4145849,3.474585,-1.075415,1.8745849,2.294585,-0.31541502
9.594585,10.574585,11.164585,11.744585,11.694585,11.784585,11.664585,11.324585,11.954585,11.484585,10.074585,10.094585,10.944585,10.914585,11.754585,11.104585,10.574585,10.064585,9.594585,9.544585,10.014585,9.584585,8.734585,7.854585,7.094585,6.784585,6.824585,6.004585,5.8145847,6.804585,6.134585,6.944585,6.514585,6.734585,6.764585,7.024585,7.364585,7.344585,6.844585,6.644585,6.734585,7.134585,6.784585,6.354585,7.084585,6.854585,5.634585,4.724585,4.664585,6.134585,6.364585,3.724585,9.214585,10.844585,0.85458493,0.004584961,-2.045415,1.534585,-4.2054152
11.044585,10.724585,11.974585,12.174585,12.754585,12.634585,12.8045845,12.744585,12.214585,12.274585,11.944585,11.194585,10.564585,11.074585,10.784585,11.424585,11.394585,10.774585,10.244585,9.734585,9.674585,9.594585,9.734585,9.184585,8.014585,8.124585,7.674585,6.8145847,6.854585,6.464585,6.214585,6.114585,6.874585,6.8145847,7.554585,6.944585,7.344585,7.364585,7.494585,7.034585,7.104585,7.224585,7.0645847,7.034585,6.424585,5.454585,4.5645847,4.084585,3.4245849,4.744585,-1.7454151,4.054585,7.804585,1.594585,-0.98541504,-2.105415,-6.005415,-1.605415,0.23458496
11.814585,12.124585,12.644585,13.044585,13.514585,13.824585,13.644585,13.154585,13.544585,12.974585,13.014585,12.724585,11.764585,11.134585,10.954585,10.8045845,11.504585,11.674585,10.834585,10.434585,10.314585,9.954585,9.864585,9.404585,8.8045845,8.354585,7.784585,7.744585,7.5645847,7.164585,7.524585,7.364585,7.774585,8.654585,7.214585,7.404585,8.164585,7.614585,7.764585,7.104585,7.424585,7.3145847,7.074585,6.8145847,6.624585,5.874585,5.7945848,4.374585,3.644585,8.224585,-0.46541503,3.404585,2.044585,4.834585,0.66458493,-3.525415,-1.805415,-0.59541506,-1.815415
13.004585,12.994585,13.214585,13.544585,13.734585,14.144585,14.454585,14.084585,13.964585,13.864585,13.724585,13.544585,13.494585,12.764585,11.634585,11.994585,11.724585,12.374585,12.034585,10.764585,11.344585,10.204585,9.474585,9.104585,8.944585,8.724585,8.704585,8.364585,7.704585,8.3045845,7.694585,7.784585,7.994585,8.014585,8.404585,8.914585,9.004585,8.244585,7.604585,7.354585,7.164585,7.074585,7.174585,7.094585,6.954585,6.434585,6.434585,4.744585,4.184585,6.624585,4.174585,4.784585,6.424585,4.444585,4.534585,-3.195415,-2.265415,-0.625415,-1.485415
13.424585,13.524585,13.764585,14.074585,14.594585,14.104585,13.154585,14.154585,13.594585,13.424585,13.524585,13.584585,13.224585,13.694585,13.684585,12.344585,12.094585,11.954585,11.824585,10.884585,10.934585,10.894585,8.954585,9.374585,9.544585,8.774585,8.884585,9.024585,9.0545845,9.194585,9.034585,8.944585,9.064585,9.744585,8.794585,9.214585,8.904585,8.704585,8.534585,7.354585,7.3145847,6.524585,9.034585,7.874585,6.954585,6.764585,6.264585,6.244585,4.894585,2.204585,6.524585,4.124585,6.944585,10.894585,10.474585,1.7445849,-2.145415,3.6745849,4.854585
13.784585,14.184585,14.244585,13.864585,14.144585,14.234585,13.984585,14.084585,13.8045845,13.714585,13.164585,13.104585,13.184585,13.5545845,13.494585,13.234585,13.294585,12.994585,11.834585,11.834585,11.274585,10.404585,10.334585,10.064585,9.254585,8.844585,9.204585,9.034585,9.014585,10.224585,9.034585,8.974585,9.584585,8.794585,10.994585,9.224585,8.594585,8.864585,8.404585,8.074585,7.694585,6.894585,7.194585,7.464585,7.974585,7.384585,6.834585,6.5445848,6.524585,6.554585,8.024585,1.454585,2.204585,5.444585,6.874585,9.294585,-0.53541505,6.194585,7.714585
13.964585,13.884585,13.424585,13.384585,13.194585,13.314585,13.024585,13.084585,12.844585,13.494585,13.544585,13.434585,13.434585,13.364585,12.814585,12.824585,12.724585,12.534585,11.704585,11.724585,10.604585,8.944585,10.064585,9.564585,9.994585,9.664585,9.664585,9.3045845,9.624585,9.954585,10.144585,8.954585,9.454585,9.034585,9.344585,9.324585,8.624585,8.954585,8.724585,8.134585,7.844585,7.054585,7.114585,6.534585,6.724585,6.624585,6.994585,7.304585,7.744585,7.604585,8.514585,3.4445848,0.71458495,2.614585,2.004585,8.094585,10.964585,-5.885415,-0.98541504
14.174585,13.224585,13.104585,13.284585,13.214585,13.434585,13.394585,13.154585,13.274585,13.354585,13.5545845,13.294585,12.924585,12.544585,12.874585,11.924585,12.144585,12.284585,12.724585,10.944585,11.004585,11.144585,8.684585,8.324585,9.774585,10.014585,10.444585,10.754585,10.004585,9.574585,8.624585,10.094585,10.634585,8.844585,8.8045845,9.234585,8.724585,8.114585,8.694585,8.344585,7.374585,7.104585,6.674585,6.004585,6.154585,6.624585,7.024585,6.004585,5.994585,6.7945848,7.684585,9.124585,10.434585,1.654585,0.63458496,1.164585,2.114585,-3.245415,-3.905415
13.004585,14.214585,13.354585,13.634585,13.3045845,13.0545845,12.944585,12.564585,12.734585,13.104585,13.254585,12.194585,11.784585,10.824585,11.724585,11.614585,12.264585,12.144585,12.364585,8.464585,5.324585,6.204585,7.954585,9.184585,9.514585,10.664585,9.874585,10.204585,9.584585,10.274585,9.674585,9.8045845,10.194585,9.834585,8.674585,8.534585,8.264585,7.974585,7.774585,7.164585,6.974585,6.174585,5.634585,4.994585,4.004585,4.534585,4.494585,4.964585,5.164585,6.134585,6.734585,6.984585,6.854585,7.694585,9.454585,11.534585,12.564585,12.184585,10.644585
13.434585,13.884585,13.0545845,13.114585,13.0545845,12.984585,13.064585,13.004585,12.514585,12.864585,11.5545845,13.154585,10.084585,11.474585,11.544585,10.664585,12.024585,11.354585,6.884585,3.994585,4.674585,7.454585,7.724585,8.874585,9.5545845,10.564585,10.884585,10.264585,9.034585,9.834585,8.944585,10.094585,11.434585,7.994585,9.464585,7.344585,6.994585,6.7945848,7.234585,6.984585,5.554585,4.0445848,2.1945848,1.554585,2.4445848,3.134585,3.474585,4.0445848,4.154585,4.914585,5.184585,5.904585,6.184585,6.764585,7.284585,8.3045845,9.224585,9.644585,9.684585
13.794585,13.674585,14.024585,13.734585,13.364585,12.964585,12.474585,12.8045845,12.504585,11.644585,11.014585,11.274585,13.644585,10.774585,11.224585,9.724585,4.484585,4.494585,4.354585,6.184585,7.214585,8.244585,9.144585,9.634585,11.844585,10.634585,9.794585,9.014585,9.374585,7.944585,8.384585,9.124585,5.904585,5.004585,5.054585,4.724585,4.724585,4.784585,3.474585,2.1845849,1.074585,1.314585,2.364585,3.284585,3.874585,3.654585,3.564585,4.274585,5.154585,6.0445848,6.324585,6.704585,7.224585,7.724585,8.224585,8.614585,8.894585,9.134585,9.484585
14.074585,13.914585,13.964585,14.034585,13.5545845,13.8045845,13.144585,13.224585,11.234585,10.404585,9.984585,10.424585,8.144585,7.354585,5.874585,5.014585,2.294585,2.314585,4.0445848,4.834585,5.824585,8.344585,10.374585,12.114585,11.444585,9.704585,10.164585,6.934585,5.644585,4.164585,1.194585,3.974585,5.394585,7.264585,3.324585,4.3145847,5.014585,5.414585,5.304585,3.154585,3.4445848,3.964585,4.394585,4.724585,3.854585,5.394585,5.394585,5.644585,6.5445848,7.024585,7.7945848,8.704585,9.474585,9.764585,10.124585,10.024585,10.364585,10.3045845,9.884585
12.454585,12.524585,13.014585,13.424585,12.964585,12.634585,11.754585,10.224585,8.024585,7.364585,7.784585,7.674585,5.604585,3.484585,1.6345849,1.524585,2.994585,4.024585,4.684585,5.104585,7.004585,8.514585,8.924585,7.534585,3.314585,3.9445848,2.014585,1.714585,3.144585,2.284585,4.074585,3.104585,3.224585,2.754585,3.824585,4.844585,6.224585,5.434585,4.774585,4.694585,5.084585,5.004585,4.8145847,5.434585,5.534585,5.824585,6.334585,6.654585,7.594585,7.834585,8.024585,8.644585,9.534585,9.774585,10.194585,10.194585,10.574585,10.974585,10.794585
11.164585,11.514585,10.844585,9.834585,8.664585,7.584585,6.094585,5.264585,4.884585,6.304585,5.974585,4.0645847,2.394585,2.074585,3.074585,3.964585,3.9245849,3.714585,4.604585,4.5445848,5.224585,5.514585,4.254585,2.984585,2.054585,1.344585,1.404585,1.564585,2.024585,2.584585,3.6945848,4.344585,3.734585,4.724585,5.364585,5.584585,5.074585,4.914585,5.104585,5.614585,5.754585,6.214585,6.234585,6.574585,6.854585,7.464585,7.644585,8.254585,8.534585,9.154585,9.474585,9.864585,9.934585,10.094585,10.114585,10.3045845,10.774585,11.534585,11.644585
6.3145847,5.944585,4.574585,3.974585,2.534585,1.4845849,2.604585,3.404585,3.344585,3.6845849,2.274585,2.324585,2.4145849,2.454585,3.014585,1.204585,2.254585,3.9345849,4.224585,3.644585,3.554585,3.224585,2.324585,1.184585,2.134585,1.9945849,2.1945848,2.784585,3.344585,3.234585,4.024585,5.094585,5.074585,5.194585,5.514585,6.094585,6.344585,6.404585,6.584585,6.834585,7.194585,7.574585,7.694585,8.184585,8.754585,9.014585,9.424585,10.064585,10.524585,10.564585,10.324585,10.584585,11.044585,12.114585,11.924585,12.204585,12.474585,11.914585,12.404585
3.094585,1.764585,0.994585,-1.165415,-1.405415,1.424585,0.24458496,0.19458497,0.46458495,0.544585,0.674585,1.674585,1.844585,2.004585,2.704585,3.074585,3.574585,3.864585,3.884585,4.124585,3.604585,3.1945848,3.244585,3.274585,2.744585,2.264585,2.544585,4.074585,5.014585,5.534585,5.764585,5.914585,6.374585,6.874585,7.654585,7.674585,8.014585,8.174585,8.264585,8.444585,8.504585,8.824585,9.274585,9.574585,9.744585,10.254585,10.844585,11.404585,11.364585,10.944585,11.614585,10.954585,11.164585,11.794585,12.424585,12.854585,12.354585,12.454585,13.0545845
1.294585,0.994585,-0.685415,-2.195415,-2.185415,-1.985415,-1.905415,-1.055415,-0.505415,-1.165415,-1.075415,0.744585,1.6045849,2.6845849,3.984585,4.084585,3.854585,4.224585,4.104585,4.014585,4.454585,4.394585,3.384585,3.994585,4.084585,3.144585,3.464585,3.9445848,4.304585,4.464585,4.614585,4.8145847,5.934585,7.824585,8.934585,9.744585,10.204585,10.024585,9.624585,9.624585,9.644585,9.584585,9.604585,9.944585,10.214585,10.204585,10.194585,10.604585,10.494585,10.854585,12.234585,11.974585,11.484585,13.084585,12.494585,12.8045845,13.144585,13.194585,13.354585
-3.905415,-1.195415,1.774585,1.7345849,1.544585,1.6045849,1.964585,1.944585,1.774585,1.7345849,1.584585,1.8845849,2.524585,3.344585,3.714585,4.194585,3.974585,4.184585,4.244585,4.284585,4.014585,3.784585,3.484585,3.314585,3.564585,3.9345849,4.454585,4.884585,5.304585,5.724585,6.124585,6.554585,6.894585,7.904585,8.3045845,8.874585,9.514585,9.624585,9.544585,9.544585,9.494585,9.284585,9.374585,9.504585,9.594585,10.264585,10.024585,9.854585,10.8045845,11.244585,12.064585,12.434585,12.734585,13.134585,13.0545845,12.994585,12.894585,12.534585,12.0545845
