2021122318.json
{"header": {"discipline":0,"disciplineName":"Meteorological products","gribEdition":2,"gribLength":47843,"center":7,"centerName":"US National Weather Service - NCEP(WMC)","subcenter":0,"refTime":"2021-12-23T18:00:00.000Z","significanceOfRT":1,"significanceOfRTName":"Start of forecast","productStatus":0,"productStatusName":"Operational products","productType":1,"productTypeName":"Forecast products","productDefinitionTemplate":0,"productDefinitionTemplateName":"Analysis/forecast at horizontal level/layer at a point in time","parameterCategory":0,"parameterCategoryName":"Temperature","parameterNumber":0,"parameterNumberName":"Temperature","parameterUnit":"K","genProcessType":2,"genProcessTypeName":"Forecast","forecastTime":0,"surface1Type":1,"surface1TypeName":"Ground or water surface","surface1Value":0.0,"surface2Type":255,"surface2TypeName":"Missing","surface2Value":0.0,"gridDefinitionTemplate":0,"gridDefinitionTemplateName":"Latitude_Longitude","numberPoints":65160,"shape":6,"shapeName":"Earth spherical with radius of 6,371,229.0 m","gridUnits":"degrees","resolution":48,"winds":"true","scanMode":0,"nx":360,"ny":181,"basicAngle":0,"lo1":0.0,"la1":90.0,"lo2":359.0,"la2":-90.0,"dx":1.0,"dy":1.0}, "data":
[rows 84 to 111 of 181, columns 62 to 123 of 360]
300.9623,301.1623,301.3623,301.2623,301.2623,301.4623,301.6623,301.7623,301.6623,301.7623,301.6623,301.4623,301.56232,301.56232,301.4623,301.4623,301.4623,301.1623,300.2623,300.3623,300.6623,301.06232,301.3623,301.56232,301.7623,301.8623,301.7623,301.8623,301.9623,302.06232,301.7623,301.6623,301.56232,301.56232,301.4623,301.6623,301.6623,301.6623,301.56232,292.9623,295.6623,300.56232,299.9623,299.7623,299.7623,299.6623,299.7623,300.2623,300.6623,300.8623,301.2623,301.6623,302.06232,302.1623,302.2623,294.1623,296.3623,302.06232,301.8623,295.9623,302.4623,302.7623
301.1623,301.3623,301.56232,301.56232,301.56232,301.6623,301.8623,301.6623,301.56232,301.6623,301.56232,301.56232,301.8623,301.8623,301.7623,301.7623,301.7623,301.7623,301.2623,301.1623,301.3623,301.56232,301.7623,301.8623,301.9623,302.06232,302.1623,302.1623,302.2623,302.1623,301.9623,301.9623,301.9623,302.2623,290.9623,294.2623,301.4623,301.56232,302.06232,293.9623,294.56232,294.6623,300.1623,299.8623,299.9623,299.8623,299.8623,300.1623,300.6623,301.1623,301.56232,301.9623,302.1623,299.2623,293.1623,293.56232,294.9623,300.7623,301.8623,302.6623,302.7623,302.7623
301.1623,301.4623,301.6623,301.6623,301.7623,301.7623,301.7623,301.56232,301.56232,301.6623,301.7623,301.6623,301.9623,301.9623,301.9623,301.9623,301.9623,301.9623,301.9623,301.9623,301.9623,302.06232,302.06232,302.1623,302.2623,302.2623,302.3623,302.3623,302.3623,302.3623,302.4623,302.2623,302.1623,302.2623,302.3623,288.8623,293.3623,301.6623,301.9623,295.6623,294.2623,294.8623,300.3623,300.06232,300.2623,300.2623,300.2623,300.6623,301.06232,301.4623,301.8623,302.1623,296.3623,293.06232,290.3623,295.3623,302.3623,301.7623,302.2623,302.6623,302.7623,302.6623
301.2623,301.4623,301.56232,301.7623,301.7623,301.7623,301.7623,301.6623,301.8623,301.7623,301.7623,301.8623,301.8623,301.9623,301.8623,301.8623,301.8623,301.9623,301.9623,302.1623,302.2623,302.2623,302.3623,302.2623,302.3623,302.2623,302.3623,302.3623,302.3623,302.3623,302.3623,302.2623,302.2623,302.1623,302.2623,302.4623,293.1623,293.7623,302.06232,302.1623,294.2623,295.8623,300.6623,300.4623,300.56232,300.56232,300.7623,301.2623,301.56232,301.9623,302.1623,295.9623,294.6623,293.1623,292.1623,295.3623,301.9623,301.9623,302.1623,302.4623,302.56232,302.56232
301.7623,301.9623,302.06232,302.06232,301.9623,301.9623,301.7623,301.6623,301.8623,301.8623,301.8623,301.56232,301.7623,302.06232,301.9623,301.9623,302.06232,301.9623,302.06232,302.2623,302.4623,302.56232,302.4623,302.3623,302.2623,302.3623,302.2623,302.3623,302.2623,302.2623,302.1623,302.2623,302.2623,302.2623,302.1623,302.3623,302.3623,289.7623,295.56232,295.8623,302.06232,296.1623,296.3623,301.3623,300.9623,300.8623,301.1623,301.56232,301.8623,302.1623,295.9623,295.3623,293.56232,291.4623,291.1623,295.8623,301.8623,301.7623,301.9623,302.1623,302.3623,302.3623
302.1623,302.1623,302.1623,302.1623,302.1623,302.06232,301.9623,301.9623,301.8623,301.9623,301.6623,300.1623,301.2623,302.2623,302.2623,302.1623,302.1623,302.1623,302.1623,302.2623,302.2623,302.4623,302.3623,302.1623,302.06232,302.06232,302.1623,302.1623,302.1623,302.1623,302.1623,302.2623,302.3623,302.2623,302.1623,302.2623,302.3623,296.3623,295.3623,295.7623,296.1623,296.4623,297.8623,301.56232,301.2623,301.06232,301.3623,300.9623,293.56232,295.06232,295.9623,294.2623,291.06232,293.56232,291.2623,294.7623,295.6623,298.6623,301.8623,291.3623,294.56232,302.4623
302.1623,302.06232,301.8623,301.9623,302.06232,302.1623,302.2623,302.2623,302.1623,302.2623,302.1623,301.56232,302.1623,302.7623,302.6623,302.4623,302.3623,302.2623,302.1623,302.1623,302.2623,302.2623,302.2623,302.1623,302.1623,302.06232,301.9623,301.9623,302.1623,302.3623,302.4623,302.4623,302.3623,302.3623,302.3623,302.3623,302.4623,302.56232,294.06232,295.1623,296.06232,296.1623,301.56232,301.3623,301.2623,301.3623,301.56232,301.9623,295.56232,295.9623,296.1623,293.1623,292.4623,293.4623,294.6623,294.1623,301.7623,301.8623,295.1623,302.6623,302.6623,302.6623
301.8623,301.6623,301.56232,301.56232,301.7623,301.9623,302.1623,302.2623,302.2623,302.4623,302.56232,302.6623,302.7623,302.8623,302.7623,302.6623,302.4623,302.2623,302.06232,302.06232,302.1623,302.1623,302.2623,302.3623,302.3623,302.2623,302.1623,302.06232,302.1623,302.3623,302.56232,302.4623,302.3623,302.4623,302.56232,302.4623,302.4623,302.56232,302.4623,290.3623,295.7623,296.2623,298.9623,301.4623,301.3623,301.4623,301.6623,302.06232,295.56232,295.06232,295.56232,295.6623,294.9623,293.9623,293.2623,294.3623,301.7623,301.8623,291.06232,302.6623,293.9623,302.56232
301.56232,301.56232,301.4623,301.3623,301.4623,301.7623,301.9623,302.1623,302.1623,302.3623,302.4623,302.56232,302.6623,302.56232,302.56232,302.56232,302.3623,302.1623,302.06232,302.06232,302.06232,302.2623,302.3623,302.4623,302.4623,302.4623,302.56232,302.4623,302.3623,302.3623,302.4623,302.3623,302.1623,302.3623,302.4623,302.4623,302.3623,302.3623,302.3623,294.06232,294.4623,295.9623,296.2623,301.56232,296.56232,301.6623,301.7623,301.9623,302.1623,296.1623,295.8623,296.56232,295.4623,294.7623,293.6623,301.9623,301.9623,302.06232,286.06232,292.3623,302.9623,302.9623
301.7623,301.7623,301.6623,301.56232,301.56232,301.7623,302.06232,302.2623,302.1623,302.2623,302.3623,302.1623,302.2623,302.2623,302.2623,302.2623,302.2623,302.1623,301.9623,301.9623,301.9623,302.1623,302.2623,302.4623,302.4623,302.56232,302.56232,302.56232,302.56232,302.4623,302.4623,302.3623,302.1623,302.06232,302.1623,302.3623,302.3623,302.1623,302.1623,302.2623,291.7623,295.7623,296.3623,295.8623,298.9623,301.8623,297.7623,301.9623,302.1623,296.56232,296.9623,297.2623,296.06232,295.7623,296.2623,302.06232,301.8623,292.4623,290.3623,303.06232,292.6623,303.1623
301.9623,301.8623,301.8623,301.7623,301.9623,301.9623,301.9623,302.1623,302.1623,302.2623,302.2623,302.1623,302.2623,302.2623,302.2623,302.06232,301.9623,301.9623,301.9623,301.8623,301.9623,302.06232,302.06232,302.1623,302.3623,302.3623,302.4623,302.56232,302.56232,302.56232,302.4623,302.56232,302.4623,302.1623,302.1623,302.2623,302.2623,302.06232,301.9623,301.9623,302.06232,290.3623,294.7623,296.3623,301.2623,301.9623,302.1623,302.2623,302.2623,302.1623,302.06232,302.06232,302.06232,297.56232,302.2623,301.9623,301.9623,302.2623,296.9623,302.9623,295.4623,300.4623
302.06232,302.06232,302.06232,302.06232,302.1623,302.1623,302.06232,302.06232,302.06232,302.06232,302.06232,302.2623,302.3623,302.2623,302.1623,302.06232,301.8623,301.7623,301.7623,301.9623,301.9623,301.9623,302.06232,302.1623,302.2623,302.3623,302.3623,302.3623,302.2623,302.06232,302.1623,302.3623,302.3623,302.2623,302.1623,302.1623,302.1623,301.8623,301.8623,301.9623,302.06232,302.1623,292.1623,296.4623,302.06232,302.1623,302.3623,302.4623,302.4623,302.3623,302.2623,302.2623,302.2623,302.1623,302.1623,301.9623,301.9623,302.1623,294.4623,302.6623,302.7623,302.2623
301.8623,302.06232,302.1623,302.1623,302.2623,302.1623,302.06232,302.06232,301.9623,301.8623,301.9623,302.2623,302.3623,302.2623,302.2623,302.1623,301.9623,301.9623,301.9623,301.8623,301.9623,302.1623,302.2623,302.2623,302.3623,302.3623,302.2623,302.06232,301.9623,301.7623,301.9623,302.2623,302.2623,302.1623,301.9623,301.9623,301.9623,301.9623,301.9623,302.06232,302.1623,302.1623,302.1623,302.1623,300.56232,302.4623,302.4623,302.56232,302.56232,302.56232,302.56232,302.6623,302.6623,302.4623,302.2623,302.06232,301.9623,301.9623,302.2623,302.56232,302.56232,302.6623
301.8623,301.9623,302.06232,302.06232,302.06232,302.06232,301.9623,302.06232,301.9623,301.9623,302.1623,302.4623,302.4623,302.3623,302.3623,302.2623,302.1623,302.1623,302.1623,302.06232,302.1623,302.2623,302.2623,302.2623,302.2623,302.2623,302.1623,302.06232,302.06232,301.9623,301.8623,301.9623,302.06232,301.9623,301.8623,301.7623,301.7623,301.7623,301.8623,301.9623,302.1623,302.1623,302.1623,302.06232,302.1623,292.9623,293.1623,296.4623,296.06232,297.2623,296.9623,297.56232,298.56232,302.7623,302.3623,302.1623,302.06232,302.06232,302.3623,302.4623,302.4623,302.56232
301.8623,301.8623,301.9623,301.9623,301.9623,301.9623,301.9623,301.9623,301.9623,302.1623,302.3623,302.4623,302.56232,302.4623,302.2623,302.1623,302.06232,302.06232,302.06232,302.06232,302.1623,302.2623,302.2623,302.2623,302.2623,302.1623,302.06232,301.9623,301.9623,301.8623,301.7623,301.8623,301.8623,301.8623,301.8623,301.7623,301.7623,301.6623,301.6623,301.7623,301.9623,301.9623,301.9623,302.06232,302.1623,302.06232,301.8623,301.8623,301.06232,296.06232,296.3623,289.6623,292.7623,302.7623,302.3623,302.2623,302.1623,302.1623,302.3623,302.56232,302.6623,302.4623
301.7623,301.8623,301.7623,301.7623,301.8623,302.06232,301.9623,301.7623,301.7623,301.9623,302.2623,302.3623,302.4623,302.4623,302.2623,302.1623,302.06232,301.9623,302.06232,302.06232,301.9623,301.9623,301.9623,301.8623,301.9623,302.06232,302.06232,301.6623,301.56232,301.4623,301.4623,301.4623,301.56232,301.7623,301.8623,301.7623,301.6623,301.56232,301.56232,301.56232,301.6623,301.6623,301.8623,301.8623,301.9623,301.9623,301.7623,301.4623,301.56232,301.9623,302.1623,302.2623,302.3623,302.2623,302.1623,296.6623,302.6623,302.2623,302.2623,302.2623,302.8623,302.9623
301.6623,301.8623,301.56232,301.4623,301.6623,301.8623,301.8623,301.56232,301.56232,301.6623,301.9623,302.2623,302.3623,302.4623,302.2623,302.06232,301.9623,301.9623,301.9623,301.8623,301.7623,301.56232,301.56232,301.56232,301.6623,301.8623,301.9623,301.56232,301.3623,301.2623,301.2623,301.1623,301.2623,301.4623,301.56232,301.3623,301.2623,301.2623,301.3623,301.3623,301.3623,301.3623,301.56232,301.6623,301.7623,301.6623,301.4623,301.3623,301.56232,302.06232,302.2623,302.3623,302.3623,302.3623,302.4623,302.56232,302.8623,302.8623,296.3623,303.06232,303.1623,303.1623
301.56232,301.56232,301.4623,301.3623,301.3623,301.56232,301.6623,301.56232,301.56232,301.4623,301.56232,301.9623,302.1623,302.3623,302.2623,302.06232,301.7623,301.6623,301.7623,301.6623,301.56232,301.4623,301.4623,301.4623,301.4623,301.6623,301.6623,301.4623,301.1623,301.06232,301.06232,301.06232,300.9623,301.1623,301.06232,300.9623,300.9623,300.8623,300.7623,300.9623,301.06232,300.9623,301.2623,301.3623,301.4623,301.2623,301.2623,301.56232,301.8623,302.1623,302.4623,302.56232,302.6623,302.6623,302.6623,302.8623,303.06232,303.3623,303.3623,303.3623,303.56232,303.56232
301.4623,301.3623,301.4623,301.4623,301.2623,301.3623,301.2623,301.2623,301.2623,301.2623,301.4623,301.8623,301.9623,302.1623,302.06232,301.9623,301.6623,301.4623,301.4623,301.3623,301.4623,301.4623,301.4623,301.3623,301.2623,301.3623,301.3623,301.06232,300.7623,300.6623,300.7623,300.6623,300.7623,300.9623,300.9623,300.8623,300.7623,300.4623,300.4623,300.6623,300.6623,300.7623,300.9623,301.06232,301.2623,301.1623,301.2623,301.56232,301.9623,302.3623,302.6623,302.8623,302.8623,302.8623,302.8623,303.06232,303.2623,303.6623,303.6623,303.7623,303.8623,303.6623
301.1623,300.9623,301.06232,301.1623,300.9623,300.9623,300.9623,300.9623,300.9623,301.06232,301.3623,301.6623,301.7623,301.7623,301.56232,301.4623,301.4623,301.2623,301.06232,301.1623,301.4623,301.56232,301.6623,301.56232,301.3623,301.2623,301.06232,300.7623,300.56232,300.56232,300.56232,300.4623,300.4623,300.6623,300.8623,300.9623,300.6623,300.3623,300.2623,300.4623,300.56232,300.6623,300.8623,300.9623,301.06232,301.06232,301.1623,301.3623,301.9623,302.4623,302.8623,302.9623,302.7623,302.7623,302.9623,303.1623,303.4623,303.6623,303.6623,303.7623,303.7623,303.6623
300.9623,300.8623,300.6623,300.6623,300.6623,300.7623,300.7623,300.8623,300.8623,300.8623,301.1623,301.4623,301.3623,300.9623,300.6623,300.6623,300.7623,300.9623,300.7623,301.06232,301.1623,300.9623,300.9623,301.2623,301.3623,301.1623,300.8623,300.6623,300.56232,300.56232,300.2623,300.06232,299.8623,300.1623,300.3623,300.56232,300.4623,300.3623,300.1623,300.2623,300.56232,300.7623,300.7623,300.8623,300.8623,300.6623,300.7623,301.1623,301.7623,302.1623,302.4623,302.6623,302.6623,302.4623,302.6623,303.1623,303.2623,303.3623,303.2623,303.3623,303.3623,303.4623
300.9623,300.7623,300.6623,300.6623,300.56232,300.6623,300.7623,300.7623,300.8623,300.8623,300.9623,301.1623,300.9623,300.6623,300.56232,300.56232,300.6623,300.8623,300.7623,300.56232,300.3623,300.06232,300.2623,300.7623,301.06232,300.9623,300.8623,300.6623,300.3623,300.2623,300.06232,299.7623,299.4623,299.7623,299.9623,299.9623,299.9623,299.8623,299.7623,299.8623,300.2623,300.56232,300.4623,300.4623,300.4623,300.2623,300.4623,300.8623,301.4623,301.4623,301.7623,302.2623,302.4623,302.1623,302.3623,302.8623,302.9623,302.9623,303.06232,303.06232,302.9623,302.9623
300.8623,300.6623,300.7623,300.6623,300.56232,300.56232,300.6623,300.6623,300.7623,300.56232,300.7623,300.8623,300.56232,300.4623,300.56232,300.56232,300.56232,300.6623,300.3623,300.06232,299.8623,300.06232,300.2623,300.7623,301.06232,300.9623,300.56232,300.2623,300.06232,299.8623,299.6623,299.56232,299.2623,299.3623,299.4623,299.3623,299.4623,299.3623,299.06232,299.1623,299.3623,299.3623,299.1623,299.3623,299.6623,299.8623,300.1623,300.56232,301.2623,301.7623,301.9623,302.1623,302.06232,301.8623,301.9623,302.56232,302.7623,302.9623,302.8623,302.6623,302.6623,303.06232
300.7623,300.56232,300.56232,300.6623,300.56232,300.56232,300.56232,300.56232,300.56232,300.56232,300.4623,300.56232,300.4623,300.4623,300.4623,300.3623,300.2623,299.9623,299.7623,299.56232,299.6623,300.06232,300.06232,300.2623,300.7623,300.8623,300.56232,300.06232,299.56232,299.4623,299.4623,299.3623,299.2623,299.1623,298.9623,298.7623,298.7623,298.9623,299.06232,299.06232,298.8623,298.6623,298.4623,298.56232,298.6623,299.2623,299.7623,300.6623,301.4623,301.6623,301.7623,301.8623,301.4623,301.56232,301.9623,302.2623,302.2623,302.56232,302.56232,302.3623,302.8623,301.3623
300.56232,300.4623,300.3623,300.56232,300.6623,300.56232,300.56232,300.56232,300.56232,300.56232,300.4623,300.4623,300.4623,300.56232,300.3623,300.1623,299.8623,299.6623,299.4623,299.4623,299.6623,299.9623,299.3623,299.4623,300.06232,300.4623,300.1623,299.6623,299.2623,299.06232,299.1623,299.1623,299.06232,298.7623,298.4623,298.4623,298.3623,298.6623,298.8623,298.56232,298.2623,298.06232,298.06232,298.06232,297.9623,298.6623,299.9623,301.1623,301.06232,300.2623,300.4623,300.7623,300.56232,301.06232,301.8623,301.8623,301.9623,302.06232,302.1623,302.2623,303.2623,301.9623
300.3623,300.3623,300.2623,300.4623,300.4623,300.3623,300.3623,300.3623,300.4623,300.4623,300.3623,300.3623,300.4623,300.4623,300.2623,299.8623,299.7623,299.7623,299.56232,299.3623,299.2623,299.4623,299.3623,299.6623,300.06232,300.2623,299.8623,299.56232,299.3623,299.1623,298.9623,298.9623,298.56232,298.2623,298.06232,298.1623,297.9623,297.7623,298.06232,297.9623,297.3623,297.3623,297.7623,297.56232,297.4623,298.06232,298.9623,300.06232,299.56232,299.2623,299.56232,300.1623,300.56232,300.8623,301.4623,301.56232,301.6623,301.6623,301.7623,302.6623,298.7623,302.1623
299.9623,300.06232,300.06232,300.1623,300.2623,300.06232,299.8623,300.06232,299.9623,300.06232,300.06232,300.06232,300.3623,300.1623,299.7623,299.56232,299.4623,299.56232,299.56232,299.4623,299.3623,299.2623,299.3623,299.6623,299.8623,299.9623,299.9623,299.7623,299.4623,299.4623,298.9623,298.8623,298.56232,298.1623,297.9623,297.9623,297.9623,297.56232,297.4623,297.4623,297.3623,297.2623,297.2623,297.2623,297.4623,297.3623,297.7623,298.06232,298.3623,298.8623,299.3623,299.3623,299.7623,300.06232,300.2623,300.56232,301.06232,302.2623,298.8623,297.3623,300.7623,300.6623
299.6623,299.6623,299.7623,299.8623,299.9623,299.7623,299.6623,299.6623,299.4623,299.4623,299.4623,299.6623,299.8623,299.6623,299.4623,299.2623,299.1623,299.1623,299.3623,299.2623,299.1623,299.06232,298.9623,298.56232,298.6623,299.06232,299.7623,299.7623,299.6623,298.9623,298.06232,298.1623,298.1623,297.7623,297.6623,297.56232,297.7623,297.6623,297.3623,297.06232,296.7623,296.4623,296.3623,296.56232,296.8623,297.1623,297.3623,297.4623,297.6623,297.6623,298.2623,298.7623,299.2623,299.3623,299.56232,300.06232,301.1623,300.6623,297.8623,299.9623,298.4623,299.2623
